6.62
9.85
9.33
7.03
9.03
6.24
6.59
9.65
8.00
8.45
8.89
9.74
9.77
8.31
8.11
4.45
2.80
2.59
1.96
2.11
2.30
1.84
2.17
2.56
3.56
3.23
4.42
4.64
4.31
4.84
4.75
8.94
6.53
6.77
12.9
12.1
14.2
14.8
16.8
16.9
14.5
14.9
16.9
19.6
16.0
30.0
17.9
15.6
16.3
17.9
18.7
21.0
21.8
24.1
29.2
33.9
34.5
41.1
27.7
32.8
39.7
41.8
50.5
63.4
79.2
92.3
94.5
98.8
106
107
132
127
133
163
179
178
194
203
200
202
213
216
200
203
238
247
260
271
280
282
291
287
280
276
269
326
324
339
354
366
364
395
414
466
472
504
515
509
468
450
472
491
423
459
382
470
460
458
472
476
443