1,040
1,090
863
2,030
2,860
2,780
2,600
2,580
2,840
3,690
3,020
2,490
2,500
1,480
992
870
731
1,730
1,470
1,210
1,590
929
189
138
348
12
146
352
180
197
17
50
530
302
564
2,130
1,840
2,150
3,310
2,510
2,370
2,380
1,500
1,900
3,200
1,440
721
1,300
2,720
1,290
470
1,240
1,820
3,960
7,840
5,760
5,230
5,980
8,060
2,810
2,270
3,690
8,020
6,060
3,680
6,960
16,200
16,900
16,200
18,100
15,900
16,400
18,200
24,000
25,600
22,100
19,700
24,500
26,500
28,800
27,300
30,600
26,600
31,400
41,400
43,500
39,900
46,900
55,300
60,700
52,900
41,700
50,100
46,700
55,100
74,300
79,700
68,300
77,100
86,600
90,900
94,500
98,200
97,100
102,000
122,000
137,000
124,000
132,000
135,000
101,000
104,000
106,000
107,000
125,000
129,000
133,000
147,000
190,000
219,000
240,000